{
    "cameras": [
        {
            "name": "InitialCamera",
            "val": [
                0.9996679294702279,
                0.024080243881496634,
                -0.009195826953007483,
                0.0,
                -0.02525946514522319,
                0.9862424846831847,
                -0.16336231276487634,
                0.0,
                0.0051354639795681695,
                0.16353964817604952,
                0.986523444173407,
                0.0,
                12.785635733330775,
                8.710520833245143,
                25.360363907998046,
                1.0
            ]
        },
        {
            "name": "BlockChainView1",
            "val": [
                0.10510513747774675,
                -0.0240673573911545,
                -0.9941699920270056,
                0.0,
                -0.2667151754690481,
                0.9623983163790307,
                -0.05149632860149078,
                0.0,
                0.9580273002536521,
                0.2705726449662158,
                0.09473367649675626,
                0.0,
                41.66688448699716,
                11.33894772778102,
                -5.159918768690545,
                1.0
            ]
        },
        {
            "name": "LimboView1",
            "val": [
                0.6400607106011212,
                -0.17854751500658714,
                0.7472907321406153,
                0.0,
                0.07551008861811742,
                0.9825329098003093,
                0.1700778546384801,
                0.0,
                -0.764605058865475,
                -0.05243261684591691,
                0.6423631366970852,
                0.0,
                -1.5568122872600816,
                6.614375169880541,
                10.003489029642125,
                1.0
            ]
        },
        {
            "name": "Camera#3",
            "val": [
                0.17049124316533548,
                -0.3469179780913112,
                -0.9222691984571212,
                0.0,
                0.08300346393070458,
                0.9377020017879822,
                -0.3373799303836377,
                0.0,
                0.9818571911232525,
                -0.019031174027038737,
                0.18866537181102158,
                0.0,
                37.413565021440526,
                7.212258394420935,
                8.198551941123794,
                1.0
            ]
        }
    ]
}